10
10
0
10
4
104
110
4
100
14
110
4
110
0
10
10
10
10
10
0
5
105
100
15
110
14
105
110
0
15
101
10
15
114
101
11
15
105
111
0
0
4
104
105
105
101
0
5
110
11
4
101
11
15
104
111
11
0
11
0
14
110
4
100
4
114
104
114
105
101
14
100
15
105
100
1
15
110
15
100
1
15
110
14
110
1
14
111
0
10
11
14
101
4
104
110
11
11
11
0
0
15
101
15
101
10
1
11
14
111
5
101
14
114
104
105
101
1
1
0
10
11
0
11
4
111
10
15
111
11
0
0
11
11
10
14
114
104
104
110
5
111
14
105
100
15
111
1
1
1
4
104
101
1
11
5
105
104
110
1
4
101
1
0
10
11
1
0
0
0
0
0
0
0
11
10
4
100
15
110
4
114
104
110
15
105
100
0
0
0
10
0
0
0
11
11
0
14
105
101
0
15
104
105
105
100
10
0
0
0
1
0
0
0
1
15
100
11
4
100
0
5
104
100
4
114
111
0
14
104
100
0
0
0
4
101
14
111
10
0
4
104
100
14
110
11
11
4
105
110
0
0
0
0
10
10
1
11
5
110
4
110
10
15
105
101
5
104
110
11
10
0
10
14
101
15
100
15
110
11
10
15
105
111
4
104
100
14
101
11
1
0
11
11
10
11
0
15
101
11
11
5
100
11
4
104
110
11
10
15
114
100
5
105
101
11
10
15
100
11
1
10
10
15
100
0
11
11
1
5
105
104
114
100
4
105
101
15
100
1
10
5
105
105
104
104
111
5
104
110
14
100
5
114
100
0
0
5
104
110
1
0
4
110
4
100
5
100
0
11
5
114
110
15
104
104
114
100
0
1
4
104
100
5
104
104
104
104
100
5
100
1
5
101
4
104
101
4
104
100
0,0
19,6

